1.339826429163821331e+01 7.314223400570573297e+00
1.199152219518134110e+01 1.055984116639234571e+01
1.429640381591913112e+01 6.356069602797758122e+00
1.734584318419826943e+01 1.101554454454296916e+01
1.587824313875288773e+01 1.010546360575868441e+01
1.211358031036274063e+01 1.168805887352529105e+01
1.088019109648394434e+01 1.348049538422786853e+01
1.583608602702834389e+01 1.020977850056613079e+01
1.336836896690758891e+01 8.516576094378351058e+00
1.356380908451988354e+01 8.500257806738858335e+00
1.196980965462184265e+01 8.826010514124288164e+00
1.312700037416903243e+01 8.551387208380734961e+00
1.335116628750610346e+01 8.826081182209479792e+00
1.301999490260152292e+01 9.461126473401744619e+00
1.285737833264960273e+01 9.647123020767809365e+00
1.045079283481202026e+01 7.325867876986265514e+00
1.059372165036858604e+01 7.398560392410566955e+00
1.258257572562827775e+01 1.027290111653638860e+01
1.575541225291718028e+01 1.019968323996253901e+01
1.633534819588345499e+01 4.353446824105372315e+00
1.111353931161375819e+01 1.183719990453035997e+01
1.495728372821747776e+01 9.944945689742901607e+00
1.493153890328120958e+01 9.877184724701056240e+00
1.557541338157686717e+01 1.092248530015989516e+01
1.371315017315282780e+01 9.290364227745161685e+00
1.610634587296628695e+01 1.041471072106156370e+01
1.333205298820865892e+01 9.128158992858571352e+00
1.288807900373057258e+01 9.005794566501251097e+00
8.896609955441785900e+00 6.517240636633567341e+00
1.853206864953718380e+01 1.278974052420630514e+01
1.123006531357512650e+01 7.686051242911635661e+00
1.166309053186269828e+01 1.098400283796412857e+01
1.141308795199206649e+01 1.182821023688474327e+01
1.448545501603162222e+01 1.078196414840039097e+01
1.233241595410134472e+01 1.025695917654114986e+01
1.665558003417892863e+01 1.127849930990032590e+01
1.067496205580047075e+01 7.405091983746440398e+00
1.595944776214302685e+01 1.035980275113976745e+01
1.336368566449623074e+01 9.581021060917597865e+00
1.724881293026578888e+01 1.115579899149799026e+01
1.525143912395915180e+01 5.405903241214132571e+00
1.308021674705337567e+01 8.871143721900102364e+00
1.619054305822462680e+01 1.052712726146782529e+01
1.171256424561453358e+01 1.077654622461395917e+01
1.475960223790010417e+01 5.346562073975458240e+00
1.256122371180794772e+01 8.982050093379850608e+00
1.117242188618795851e+01 8.317760181705777356e+00
1.453960767508398177e+01 9.516097536834958959e+00
1.227838080568439239e+01 8.829611564460877915e+00
1.244810104662617078e+01 9.570314121671945173e+00
1.764268537342686827e+01 1.164244501700274981e+01
1.474193517738651593e+01 5.504166860325250710e+00
1.158791212564704765e+01 1.119872378017608838e+01
1.540657137455861836e+01 1.027894868586234978e+01
1.522543126659889978e+01 1.023664573175446968e+01
1.404684738932791710e+01 7.267135581635553621e+00
1.481559886852377339e+01 1.014985023039068324e+01
1.221089850980986391e+01 9.541416265925203533e+00
1.667375285042223965e+01 1.084424217042442606e+01
8.792504448495598979e+00 6.461073550884326444e+00
1.119573568455317591e+01 7.894539128371426351e+00
1.403425916917008287e+01 6.934955784402011325e+00
1.373019837447460745e+01 6.967758860281032085e+00
1.180054577329640253e+01 1.150182567124414845e+01
1.655327757290079660e+01 1.085675237770784030e+01
1.484250478106484650e+01 5.464803683946799495e+00
1.491600613290674637e+01 5.734236770313559717e+00
1.336888467778245548e+01 9.204177157262648734e+00
1.578845670191824624e+01 1.042805695746482897e+01
1.339772193958223845e+01 8.490752760896626228e+00
1.416814761139941048e+01 7.123215743364155195e+00
1.493498017977623782e+01 1.008815205697459305e+01
1.294085856211851748e+01 9.707749648038072721e+00
1.170694577832335881e+01 1.193064184283092288e+01
1.425096731062428113e+01 9.734897310014121175e+00
1.500182658977341532e+01 5.701368975948232887e+00
1.455490364523964786e+01 9.107387275041201491e+00
1.162559279501494558e+01 8.988480422477417520e+00
1.417364686766734394e+01 9.626428694328248881e+00
1.272372255244572692e+01 8.940787463912656108e+00
1.405334867585218639e+01 7.611278075679154043e+00
1.502561736710264029e+01 5.515682702734762799e+00
1.110064745067393233e+01 1.203810051503676348e+01
1.405149312918832116e+01 9.497276368579505856e+00
1.230489182000513004e+01 1.086676532407696172e+01
1.221209841235320859e+01 1.038370545780054677e+01
1.496345555993698362e+01 6.686475332177434616e+00
1.125222090321018165e+01 1.201544870340467597e+01
1.205658901201536182e+01 8.685282880613314660e+00
1.035795315287863261e+01 7.802429186286808260e+00
1.505860254493179085e+01 1.042977833089565465e+01
1.209077529976954324e+01 1.020959239562297505e+01
1.272873649133996388e+01 9.225283139047334657e+00
1.027693547546689601e+01 1.426158888122878565e+01
1.109677108323422701e+01 7.572376206401459697e+00
1.035202079856505541e+01 7.754281474128269736e+00
1.075323853502940352e+01 1.352292881680281411e+01
1.513654014654226465e+01 4.453868244658702125e+00
1.590578417004565992e+01 5.053875129369499675e+00
1.774151012765418045e+01 8.629046662906993959e-01
1.050573003685119211e+01 7.778443333513180846e+00
1.278660313537340087e+01 9.303353982674433809e+00
1.438913510146170793e+01 9.610641871514259194e+00
9.493832340542866177e+00 6.767923606489491206e+00
1.330700635055758596e+01 9.628228337095531941e+00
1.562516467182860858e+01 4.184661676140161823e+00
1.542673213068382587e+01 5.682138365287265458e+00
1.029888216914971899e+01 7.672640868233832734e+00
1.564028776885339411e+01 9.762667213742757255e+00
1.762651822186484551e+01 1.137464292649177011e+01
1.103405424342837371e+01 1.327876792853497712e+01
1.605206765897594323e+01 1.101513964983811888e+01
1.438836506371201196e+01 9.563897585792606293e+00
1.203272650258432641e+01 1.025460743834169008e+01
1.312360212582732366e+01 8.225944460515277612e+00
1.165998230131379287e+01 1.196565583292321655e+01
1.431759922713209932e+01 6.649402237447046282e+00
1.170381977387502559e+01 1.036616719477436099e+01
1.284183274229588889e+01 1.012768110982977632e+01
1.096556053644607687e+01 1.163064170470003056e+01
1.205030655538714157e+01 1.067138491577502535e+01
1.378835525600976020e+01 7.076997538780608998e+00
1.468876209330685434e+01 6.455428145079009639e+00
1.303461688927099971e+01 8.931597651921022063e+00
1.523643274669688452e+01 1.021686753595098551e+01
1.352068224397216767e+01 8.572481051040126587e+00
1.186174919399309502e+01 8.653367140905439570e+00
1.215144356303231987e+01 1.094193282560938840e+01
1.108967014045740562e+01 7.220737574615002430e+00
1.373273312361024701e+01 7.069287326510057312e+00
1.185457817914729617e+01 1.048464568433523425e+01
1.497281590585754429e+01 1.021565994624901386e+01
1.395055139861777782e+01 7.520640005827390340e+00
1.289394784877903177e+01 9.991319520184770653e+00
1.275421610363098956e+01 9.903385601216294631e+00
1.336229150474278526e+01 8.703440268348778375e+00
1.365695758333406928e+01 8.091242154472359616e+00
1.400835559299189903e+01 7.249392089158628316e+00
1.310514602906572712e+01 8.512093383130398649e+00
1.329019417680618176e+01 7.507100079939874604e+00
1.310500398790018473e+01 8.715390733406421120e+00
1.180884145285736331e+01 1.174262896844965809e+01
1.490963531090759098e+01 9.702137321840517359e+00
1.256731858870121243e+01 9.919259624398826247e+00
1.299208314764648797e+01 8.878335734709779103e+00
1.263826901216036447e+01 8.646621689381857934e+00
1.489862320921401562e+01 1.006555598208189828e+01
1.210564341215243722e+01 1.006375444934423591e+01
1.348664081114281466e+01 8.747715800190620783e+00
1.841144892491499618e+01 1.250241569919702656e+01
1.280999705038399661e+01 8.250429288869268518e+00
1.488824336729640407e+01 1.003559951123491700e+01
1.231293129834789823e+01 1.126690078488917024e+01
9.552914986309948731e+00 7.232406843242740635e+00
1.299171312142591894e+01 8.976283328180038268e+00
1.197797322295962807e+01 1.088053739809945597e+01
1.342809710495491515e+01 9.444664461568160974e+00
1.428574673509845816e+01 9.687505597300440030e+00
1.168838756878779250e+01 1.076257723564062552e+01
1.398124864183498239e+01 7.894914976913011806e+00
9.746217690543030443e+00 1.503060250542557519e+01
1.329523183075894543e+01 7.908502229506243708e+00
1.295205414354050966e+01 9.050690761795921802e+00
1.027652264695462137e+01 1.387899302661215017e+01
1.157912764007306095e+01 9.052199323055871716e+00
1.373880563096188112e+01 7.537955562719780289e+00
9.815806506845342838e+00 7.381376100709736932e+00
1.544234920263657251e+01 5.989366447610189326e+00
1.312230398990228331e+01 8.653404913753263372e+00
1.286605420627364182e+01 9.404577215855100647e+00
1.843760543385300466e+01 1.214488013493878604e+01
1.108630854586937176e+01 1.199068392549353490e+01
1.255547482546212734e+01 9.482296038652318515e+00
1.290552123137522322e+01 8.378288817957175283e+00
1.646178933664431199e+01 2.345344079752955224e+00
1.514594668637173669e+01 5.378285957104814941e+00
1.232333847748444811e+01 8.620110818511042439e+00
1.230601253883597401e+01 9.976007437081854334e+00
1.467457065827447238e+01 6.969536370981429307e+00
1.170813284350270500e+01 8.430256776631118498e+00
1.548891298240153169e+01 4.672658172032114088e+00
1.469929017749016609e+01 5.340959949475077018e+00
1.084730513871179269e+01 1.342515353127396516e+01
1.570790835237385608e+01 4.764217531486381496e+00
1.012184415177633312e+01 6.902973566924771376e+00
1.220451786736791355e+01 1.018689480241248191e+01
1.440210663824418802e+01 6.590446559133166460e+00
1.482420108338419951e+01 5.935033115686529470e+00
1.181556490437007056e+01 1.098369498514216147e+01
9.607220482379664972e+00 7.160557740230685475e+00
1.437361690605318465e+01 6.657139772417490775e+00
1.101679587974890850e+01 1.277184379192199870e+01
1.118114243083155124e+01 8.340741941305005014e+00
9.486858584049688403e+00 7.737886956658798887e+00
1.554325982757885782e+01 1.037590996532398435e+01
1.003082595466789151e+01 7.293319774016660872e+00
1.151871874386364780e+01 1.119791164360947988e+01
1.157254610581325416e+01 1.206618116671745788e+01
1.261845852158162629e+01 8.563946852132819032e+00
1.468996290168153607e+01 1.023692905109062679e+01
