4.948870178948300946e+00 8.650366964503124478e+00
7.101175282522650178e+00 4.538718348845945272e+00
7.090791922976021233e+00 5.621566447859823512e+00
3.965376737330239543e+00 6.711019104494074128e+00
5.958818447739884228e+00 8.348271267394896000e+00
9.938832492228957705e+00 1.072586916076832608e+01
2.093622144448080036e+00 1.163719823730210834e+01
4.895915134176782146e+00 7.208072054950341645e+00
-1.507178465647346144e+00 2.896295178754778377e+00
7.416134012527831665e+00 5.484492257965149165e+00
6.802341627592603857e+00 5.906437198723963000e+00
1.364657111970378622e+01 1.382592380074421357e+01
3.329712974290284677e+00 6.324172549043575842e+00
4.356013242759636306e+00 7.055089981606532668e+00
7.023601599774567106e+00 8.494224977594495130e+00
7.679779110410256848e+00 9.090467383652415023e+00
5.489773276615152575e+00 7.859423338757653532e+00
3.130686124652799940e+00 1.114728116791691015e+01
5.364231522009094810e+00 7.719605611013824920e+00
6.134947879771786461e+00 6.172651730648418322e+00
7.667469128562624192e+00 8.902556202126085338e+00
4.170729603802380225e+00 8.982514286651133162e+00
3.311204752832609177e+00 1.047551233494781009e+01
1.763770178654639142e+00 4.785790673589971789e+00
2.157235295567962563e+00 1.275286840483864914e+01
5.936099919016886162e+00 7.449959865565656258e+00
8.309187809297457150e+00 9.404478383220068238e+00
8.769936739950468407e+00 3.295533601455394646e+00
4.828483620328250403e+00 8.582701014164239695e+00
8.438617413111334287e+00 9.560748974838483960e+00
2.763790478339653411e+00 1.257588075810716965e+01
6.654337653916821083e+00 5.176694586469194448e+00
6.974886704898874079e+00 5.485281542874234972e+00
5.913298564321221029e+00 7.248941899854678184e+00
6.390265077271266136e+00 6.519900806000846316e+00
1.103031778097237847e+00 4.809569650820767706e+00
7.056743583581580381e+00 8.464119968708921249e+00
4.189598534404925800e+00 9.681545300540506105e+00
4.871668133153226776e+00 7.294174927795483931e+00
4.903140760038565915e+00 9.659615597111084639e+00
5.741922074847365387e+00 7.227228295481690878e+00
6.121232444493737823e+00 8.111209841628379991e+00
6.339962141989682998e+00 6.825903387963919933e+00
3.870935785582776845e+00 9.833912311939569051e+00
9.048693400377182172e+00 2.528650537268710252e+00
7.134874926591590949e+00 5.335553427393675108e+00
4.995284780884499121e+00 7.249051249958849752e+00
3.777120915812087532e+00 1.115782285800715279e+01
4.764293577193296159e+00 8.058667643502948508e+00
4.964743004432886408e+00 6.862215482997788385e+00
7.134605026431180441e+00 6.114127195450129726e+00
5.085066879681097163e+00 7.593631115141229238e+00
5.407268250865054249e+00 7.428744680978758730e+00
5.511158013733400196e+00 7.321542491018131038e+00
4.586535300417022398e+00 7.103768954204635833e+00
7.259391324555940272e+00 8.589950967617603794e+00
3.033564604539708665e+00 1.103056759607233062e+01
8.291361590627529310e+00 3.507732869498090267e+00
1.990715729711987070e+00 1.346735621699536090e+01
5.435871665894946858e+00 7.659722727872044779e+00
2.701634793706551019e+00 5.695861546594856328e+00
2.071509677598581067e+00 5.611180435503076325e+00
6.630106306128975113e+00 5.371375828217286319e+00
3.556114731074277557e+00 1.007271154092551413e+01
6.757577984529891779e+00 8.605674120256660231e+00
1.114578160165530107e+01 1.208546374566186365e+01
4.835150494552669542e+00 7.991360532184603294e+00
6.073724918402430895e+00 8.232898555481883207e+00
3.503089577887076089e+00 9.748340001176496017e+00
4.896810569744465269e+00 6.863688950309482451e+00
1.221347422669616911e+01 1.200266489275966464e+01
5.656557700371421582e+00 8.206202392413976199e+00
7.637246379724395240e+00 9.343478400067375844e+00
6.562932590590610182e+00 8.602516756441612955e+00
1.530978220262444012e+00 1.325747578153007211e+01
9.776080519589061879e+00 1.127840641340274352e+01
7.879342261103642997e+00 4.483371927034118798e+00
5.135891373219687139e+00 8.332837986823559362e+00
5.166562435069188552e+00 8.164145583892153724e+00
3.324820937777738017e+00 1.033686608798585738e+01
3.788465571085325223e+00 6.501134048225507556e+00
5.157765556410104146e+00 8.271424289986720524e+00
2.001718807839855341e+00 1.298443908501874589e+01
8.629842953210452805e+00 9.282195674167827093e+00
5.582101719232178461e+00 7.470930900521165263e+00
7.152141764483451070e+00 8.853582481929874959e+00
6.010504533442355246e+00 8.477493722965975920e+00
4.525950168753092306e+00 9.274001506537970840e+00
6.240988427423721951e+00 6.917104948904811756e+00
5.241962800320669302e+00 7.736651379248295157e+00
5.113833258385920288e+00 6.546601899408970304e+00
4.375958249526261667e+00 6.823544863970226970e+00
5.428496243068456906e-01 3.926164423348408317e+00
3.927742076586164366e+00 9.224998279433505033e+00
6.871932182228746910e+00 8.664981604026511519e+00
-3.477281839110650807e-01 3.493226504512584540e+00
8.295264033710459728e+00 3.627304311163196182e+00
3.127870286775523478e+00 1.005566151596495317e+01
6.788686669028782816e+00 8.742153995147514678e+00
5.403448120150662781e+00 7.458631956627072235e+00
3.237366207091910475e+00 6.233630095584438813e+00
5.413353377011427270e+00 8.100283346975938770e+00
1.162343198935161936e+01 -1.430318020673064794e-01
4.007324865901585653e+00 5.991843796003992750e+00
3.875991203227716397e+00 6.818422143042999650e+00
3.913472154698447447e+00 6.353636908419082019e+00
7.348016228543066575e+00 5.639742914126310680e+00
4.397595702017735420e+00 9.496428139926349488e+00
3.499120821441852769e+00 6.657512512074300837e+00
5.694481298199117525e+00 7.266165649466636012e+00
7.610978451801790001e+00 8.996711496549979259e+00
7.127899508220575164e+00 6.405441687161756548e+00
3.211859015173556653e+00 5.844632186428698972e+00
7.838757346136699056e+00 9.294068369594480572e+00
7.059503010658612077e+00 9.243561781152060064e+00
5.034251045051831852e+00 7.338247243194731873e+00
5.725492873384236070e+00 7.952426522499483674e+00
1.105687923281964657e+01 1.175248227140186330e+01
8.895930889459894075e+00 1.032878852960297422e+01
4.731734426667419058e+00 8.338994532775998891e+00
6.744931511902609422e+00 6.794137025640850425e+00
7.033236401426105289e+00 8.842526329579381894e+00
6.996367764601497008e+00 6.572097009469468176e+00
3.461391130646601866e+00 6.802890687757724208e+00
4.309961326907014723e+00 6.993447237827617791e+00
8.176456973961371943e+00 4.618622863000356737e+00
6.451373008080670601e+00 6.199098188088457917e+00
7.622609459171764357e+00 5.002201112516544868e+00
5.373467540639928153e+00 7.040117346311866697e+00
2.711423638274216508e+00 6.057977449594163843e+00
3.578925993672372741e+00 5.826184788672363446e+00
8.022207627859591739e+00 4.413733757683679926e+00
8.270577480366345213e+00 9.461736794236845327e+00
5.553796227773686311e+00 8.088957172707898380e+00
1.107014243046157809e+01 -3.724564563096146586e-01
3.515474870821242881e+00 1.008837797885035670e+01
2.498639461651170457e+00 1.103056506094372580e+01
2.311047776056521119e+00 5.179064200764523562e+00
6.471694902734448362e+00 6.162712530748427397e+00
5.161972924682944885e+00 7.761091924158147748e+00
3.737258895791547353e+00 1.054706620806774353e+01
5.385317758046398673e+00 7.745509526135082368e+00
4.028000514773438567e+00 1.011583506598354631e+01
8.121953973524984605e-01 3.824880170989390482e+00
1.096382077708143044e+01 1.114619373731594720e+01
9.203103706697195463e-01 4.261450083356569607e+00
4.306590019147058968e+00 7.019905275570709868e+00
9.336854069523907285e+00 1.915558655318065462e+00
8.157978575159946288e+00 9.613854719527331838e+00
5.712014461914359131e+00 7.288131831113368264e+00
6.257547234703105588e+00 9.032039650356431082e+00
9.061429425767405732e+00 9.838499170122483761e+00
6.435548223349476515e-01 1.477611403283217228e+01
8.285509547133729669e+00 3.489628418247268549e+00
5.658431566586030748e+00 7.632363939214738657e+00
4.196507559114896146e+00 9.227575592899430745e+00
1.008599501848841840e+00 4.396250412820981168e+00
7.949344080735469831e+00 4.029061651288094126e+00
4.597809011851270000e+00 7.615771616751440654e+00
5.732041535984044422e+00 6.707911509315924725e+00
2.650573493562139671e+00 5.946953439902229022e+00
1.467775200726904039e+00 1.374133207747711793e+01
8.842143069955634260e+00 9.425156501531866127e+00
3.328089742265186057e+00 1.157677943507390594e+01
1.062231843371931106e+01 1.072962799961411129e+01
4.883711378045747509e+00 8.031927214852167651e+00
4.728133629900866275e+00 6.997498416649422737e+00
6.282700950717471144e+00 7.895688128258538718e+00
7.953037407588139374e+00 9.513609021747678085e+00
5.299424904380201973e+00 7.246293567133653468e+00
4.813221216642219247e+00 7.292676891448928167e+00
6.155689239833606052e+00 6.479438480447775817e+00
4.506732180726646497e+00 7.059384167834482859e+00
6.092314028831992800e+00 7.612504413123677871e+00
7.246020140883820737e+00 4.679143838785101650e+00
3.716805979028782403e+00 9.593088621850549558e+00
1.955163729568771824e+00 5.563381777869567557e+00
8.052358502700462495e+00 5.406507116071483487e+00
6.193032907953895716e+00 8.031550774737880261e+00
3.978603181028186331e+00 6.693126729075618009e+00
5.534767332624306313e+00 7.929862693284227326e+00
3.104869702403151077e+00 1.145535613001409558e+01
3.357078771023676467e+00 1.171207872535182659e+01
4.331371464341231103e+00 6.468929310098903152e+00
2.066581946026224248e+00 1.252171830074134107e+01
4.396064403982263613e+00 9.156835899595529682e+00
6.565576075223960473e+00 8.413267586755724281e+00
4.014683005888851852e+00 7.425863415500201903e+00
5.545651132435380326e+00 8.756465164367899234e+00
7.465179208668992317e+00 5.429693981605836939e+00
3.870146875924139529e+00 9.699678299900231337e+00
3.708430580153471823e+00 5.842326944158886093e+00
4.582849155680209563e+00 7.541416720325927692e+00
4.371270622277367401e+00 9.205584015164271605e+00
6.506097360122479856e+00 8.026128063892169706e+00
2.016464753944876342e+00 5.061004096388920459e+00
5.476451909686526065e+00 7.571328406614645345e+00
6.897308041768786424e+00 8.485793669089531477e+00
7.400853194317615014e+00 8.777587940562588287e+00
4.403974678451284319e+00 1.018291372887638957e+01
